SYMBOL,SYMBOL P/E,ADJUSTED P/E
THERMAX,81.91,88.38
WHEELS,20.36,20.36
RIIL,94.43,94.43
PREMIERPOL,21.48,21.48
RAYMOND,64.20,15.15
RSWM,15.45,13.75
SHREDIGCEM,59.58,59.58
SESHAPAPER,14.60,14.60
SMLMAH,51.39,51.39
SUNDRMFAST,37.35,36.76
EXIDEIND,44.47,44.15
ELECON,41.62,39.55
CRISIL,38.10,38.10
LMW,101.63,97.05
NELCO,566.85,211.62
MASTEK,13.59,13.08
MAHSCOOTER,56.70,56.70
LUMAXIND,28.89,27.15
TRENT,88.06,87.13
KECL,68.72,44.20
CUMMINSIND,63.54,61.72
KCP,8.24,7.94
JAYBARMARU,10.91,10.56
INFY,15.73,15.28
INDIAGLYCO,26.18,26.12
IONEXCHANG,55.71,49.54
IFBIND,35.47,33.31
IGPL,18.59,18.59
HIMATSEIDE,16.37,16.37
GNFC,7.59,7.59
GFLLIMITED,12.39,12.39
BPCL,8.13,8.99
BHARATFORG,99.41,90.97
BASF,27.54,27.54
FORCEMOT,19.26,21.91
ATUL,24.59,24.64
ARVIND,35.72,34.79
ACC,13.41,13.47
TMPV,1.55,1.46
SCI,8.77,8.77
MRPL,9.32,10.60
LINDEINDIA,110.50,110.50
HINDPETRO,50.04,50.04
ESCORTS,24.92,24.20
RELINFRA,0.65,0.86
BAJAJHLDNG,13.94,13.94
ASHOKLEY,28.02,26.17
ZUARIIND,7.30,6.71
VOLTAS,114.92,109.11
TITAN,76.16,75.16
TATASTEEL,20.79,19.33
SUNDARMFIN,23.04,22.46
SPIC,6.53,6.53
VEDL,3.82,3.62
SBIN,11.75,12.07
RELIANCE,20.49,20.49
PFIZER,30.37,29.04
NOCIL,42.60,40.49
BOSCHLTD,45.68,54.45
DRREDDY,30.73,30.73
BATAINDIA,69.00,99.37
DEEPAKFERT,19.71,19.71
CHAMBLFERT,9.37,9.37
CARBORUNIV,111.30,45.17
MAHSEAMLES,10.72,10.70
HINDOILEXP,32.84,67.61
DICIND,25.05,22.70
COROMANDEL,34.33,33.55
BALMLAWRIE,11.65,11.65
VINDHYATEL,11.20,11.20
MOTOGENFIN,0.68,
MARALOVER,10.37,10.10
ASIANPAINT,54.24,53.00
RAMCOCEM,34.18,184.75
INDIACEM,133.40,85.95
PGHL,28.58,30.65
BEML,83.44,83.44
ADOR,22.73,22.37
CENTENKA,9.06,8.97
TORNTPHARM,86.87,83.94
VTL,20.42,20.42
SUNDROP,91.96,91.96
FEDERALBNK,18.80,18.80
EPL,18.28,17.24
VLSFINANCE,38.24,38.24
SUPREMEIND,42.35,42.35
SRF,35.86,34.84
BIRLACABLE,16.49,16.49
BALRAMCHIN,35.39,35.39
AEGISLOG,32.60,32.60
WEIZMANIND,20.56,20.56
UNICHEMLAB,13.64,68.93
BBOX,60.78,47.97
HONAUT,60.80,59.91
JTEKTINDIA,50.44,47.60
SAURASHCEM,103.35,46.11
RANEHOLDIN,18.44,21.37
PRECOT,27.22,27.22
TATAELXSI,35.98,33.41
SUNPHARMA,38.51,36.87
KOHINOOR,1.06,
SHREYANIND,30.42,30.42
SANDESH,8.00,7.87
HCC,32.41,37.40
BAJAJHIND,33.30,30.00
APOLLOHOSP,64.22,63.75
ARE&M,19.04,24.22
ADANIENT,54.41,104.61
IVP,5.53,5.47
BALKRISIND,33.92,33.92
INDBANK,19.87,19.87
GINNIFILA,11.00,11.00
EICHERMOT,38.14,37.86
GVT&D,84.35,81.52
NEULANDLAB,58.91,58.91
ONGC,6.71,6.67
ITI,92.86,
ZENSARTECH,14.63,14.27
TAINWALCHM,24.29,24.20
BERGEPAINT,50.79,50.33
BANARISUG,29.60,29.60
KPIL,21.83,22.27
JYOTISTRUC,21.23,21.23
IGARASHI,89.25,89.25
BSL,53.51,53.51
BLUEDART,42.07,37.25
JAYNECOIND,15.90,15.62
MUNJALSHOW,21.63,20.29
APCOTEXIND,19.77,19.83
SOTL,12.53,12.53
HSCL,47.23,47.23
RCF,16.38,17.82
RANASUG,8.08,
KARURVYSYA,11.82,11.82
DECCANCE,28.40,52.79
WSI,204.85,238.00
UFLEX,11.13,10.82
TATAPOWER,23.13,22.95
ADVANIHOTR,19.44,18.89
THOMASCOOK,23.25,22.70
SUNFLAG,34.68,33.55
SUBROS,32.50,31.45
SPMLINFRA,21.40,21.40
SIMPLEXINF,46.72,47.54
SIEMENS,75.37,75.37
BHARATRAS,15.87,14.44
WIPRO,13.98,13.98
VSTIND,13.40,13.40
JUBLPHARMA,37.35,33.64
UNIVCABLES,22.53,22.53
TATACOMM,53.42,48.51
TOKYOPLAST,223.85,223.85
SOMANYCERA,27.45,26.51
MURUDCERA,17.43,17.43
IFCI,45.85,44.31
HLVLTD,100.06,61.19
SANOFI,23.82,22.50
M&M,21.51,21.29
LIBERTSHOE,39.94,40.43
KAJARIACER,33.49,31.75
KABRAEXTRU,3092.00,2095.75
HEIDELBERG,30.45,29.14
MODTHREAD,13.76,13.76
MODIRUBBER,493.61,493.61
MANGLMCEM,22.48,20.40
PRSMJOHNSN,37.87,151.11
POLYPLEX,85.59,85.59
PIDILITIND,63.13,63.14
PCBL,48.93,51.74
3PLAND,25.47,25.47
EIHAHOTELS,20.98,20.55
HONDAPOWER,32.24,29.04
JINDALSAW,28.90,28.90
SAIL,17.07,15.21
RUBYMILLS,29.06,29.06
STYRENIX,14.55,14.48
ABB,53.90,53.90
IDBI,9.72,9.72
GRAPHITE,66.37,65.79
CANFINHOME,9.56,9.56
BRITANNIA,50.84,50.84
BBL,23.54,23.54
ELECTCAST,36.85,30.16
DHAMPURSUG,13.76,13.76
DCMSHRIRAM,11.05,11.66
DABUR,37.36,37.14
COSMOFIRST,14.04,13.59
CIPLA,35.24,33.01
HEROMOTOCO,20.87,20.52
HDFCBANK,14.26,14.06
HARRMALAYA,14.10,14.10
GMBREW,12.30,12.30
GIPCL,6.09,6.09
ITC,17.76,17.81
INDIANHUME,14.64,22.47
HINDCOMPOS,19.37,18.52
IOC,5.67,5.67
OSWALGREEN,,14.95
HUHTAMAKI,15.22,15.22
RICOAUTO,39.11,34.68
KAMATHOTEL,13.06,17.86
IFBAGRO,15.29,15.29
BANCOINDIA,19.87,20.40
MANINDS,24.42,24.42
APOLLOTYRE,16.54,14.99
SIYSIL,11.96,11.96
SHANTIGEAR,48.32,45.81
PRECWIRE,48.72,48.72
ONWARDTEC,15.12,14.36
NILKAMAL,20.82,19.37
NCC,12.22,11.80
ICIL,67.35,67.35
SEAMECLTD,15.32,15.32
ELGIEQUIP,43.35,42.30
AUROPHARMA,25.71,25.23
BBTC,4.20,4.34
EIHOTEL,25.88,25.33
KANORICHEM,5.78,5.78
LICHSGFIN,4.83,4.83
GICHSGFIN,5.32,5.32
BEPL,15.39,15.39
RAIN,11.24,11.24
BANARBEADS,39.86,39.86
MOREPENLAB,31.29,37.48
WSTCSTPAPR,25.41,25.41
VENKEYS,16.47,16.47
GHCL,7.73,8.39
S&SPOWER,38.80,38.80
PRUDMOULI,5.73,5.73
PRAJIND,250.55,65.83
BPL,,271.60
PGHH,34.88,34.88
VESUVIUS,38.03,38.03
TFCILTD,35.29,35.29
BOMDYEING,92.24,89.59
GTL,0.21,
NAVNETEDUL,9.42,53.58
GUJALKALI,74.61,74.61
AGI,12.68,12.55
GLAXO,41.23,41.83
TATACONSUM,65.22,64.66
ZEEL,33.35,32.51
CHOLAFIN,27.67,27.67
INDHOTEL,45.07,49.55
FMGOETZE,15.38,14.47
KOTAKBANK,19.15,19.41
ORIENTHOT,34.29,33.95
GILLETTE,37.48,37.48
GOLDENTOBC,6.26,7.11
KANSAINER,29.18,27.12
FOSECOIND,47.83,42.11
ESABINDIA,41.94,45.52
3MINDIA,77.72,92.36
ANDHRAPAP,43.08,43.08
GABRIEL,89.10,86.08
SCHAEFFLER,51.92,51.92
AARTIIND,34.32,34.91
RALLIS,19.36,
AMJLAND,10.70,10.70
PRAKASH,6.92,6.92
MFSL,489.56,489.56
KSB,55.60,52.16
KOPRAN,35.03,35.03
HEG,36.24,36.24
GREAVESCOT,224.87,255.54
GODFRYPHLP,26.06,26.06
VARDMNPOLY,40.75,40.75
SURYAROSNI,19.22,19.22
TATAINVEST,81.45,81.45
GLFL,555.33,555.33
TIMKEN,59.73,59.73
SUDARSCHEM,222.35,105.92
SHREECEM,57.36,57.36
SAKHTISUG,7.27,7.27
IPCALAB,37.20,35.32
INGERRAND,51.81,50.46
JSWDULUX,6.95,37.31
HINDALCO,14.52,11.74
HINDZINC,14.93,14.95
HINDUNILVR,32.90,32.61
GSFC,9.55,9.55
GRASIM,21.95,21.45
AMBUJACEM,20.79,17.92
FINPIPE,16.58,16.58
FINCABLES,21.96,26.33
EIDPARRY,10.38,6.38
DCW,28.40,28.40
DCM,53.50,53.50
CGPOWER,111.66,109.49
SUDARCOLOR,20.33,14.65
CESC,13.48,13.48
BIRLACORPN,12.72,12.58
BHEL,58.00,58.00
BHARATGEAR,10.87,10.87
BEL,47.68,47.68
BAJFINANCE,32.51,32.22
ASHAPURMIN,17.17,16.98
NAVA,15.87,15.87
CORALFINAC,8.95,8.95
GREENPLY,36.15,31.55
TNPL,4.37,4.37
AUTOAXLES,15.85,15.11
REMSONSIND,17.44,16.85
DALMIASUG,16.10,16.10
NATCOPHARM,11.57,11.57
KHAITANLTD,10.72,10.72
SWARAJENG,21.67,21.41
MRF,23.52,23.07
GARFIBRES,37.73,35.96
ANDHRSUGAR,10.92,10.18
TNPETRO,9.33,9.95
TTKPRESTIG,44.40,41.41
STARPAPER,7.27,7.27
SKFINDIA,28.52,26.24
AUSOMENT,9.85,9.85
EIMCOELECO,26.93,26.93
JAYAGROGN,12.16,12.16
CUBEXTUB,15.38,15.38
MARICO,57.34,57.34
SILINV,12.23,12.23
BIOFILCHEM,18.92,18.92
KEYFINSERV,20.78,20.25
ZENITHEXPO,51.02,51.02
SUNDRMBRAK,86.46,79.16
SANGAMIND,25.30,24.11
MOTHERSON,39.04,37.44
SOMATEX,35.01,84.69
VISAKAIND,9.93,12.57
AARTIDRUGS,19.88,19.72
STERTOOLS,33.87,62.53
CREST,21.65,21.65
INDIANCARD,35.14,28.10
HITECHGEAR,53.42,53.42
WENDT,96.18,96.18
DENORA,38.64,38.64
TVSSRICHAK,42.72,46.85
SHRIRAMFIN,23.18,23.18
PUNJABCHEM,20.83,20.32
DYNAMATECH,182.49,137.75
GUJAPOLLO,80.15,80.15
GANESHHOU,23.92,23.92
MMFL,30.97,30.96
JAGSNPHARM,33.52,32.42
ALKYLAMINE,43.01,43.01
BOSCH-HCIL,979.57,227.96
MPHASIS,24.73,24.40
GUJRAFFIA,20.78,20.78
RUCHINFRA,13.72,13.72
RAMCOIND,9.63,9.82
KOTHARIPET,12.14,12.11
HERITGFOOD,24.96,26.54
INDRAMEDCO,18.56,18.56
BANKBARODA,7.20,5.88
MADRASFERT,13.30,12.23
GAIL,11.57,11.57
INDNIPPON,22.94,25.54
SKMEGGPROD,11.11,11.11
BANKINDIA,5.60,5.60
CONCOR,30.85,30.85
ICICIBANK,18.18,18.18
KCPSUGIND,30.52,30.52
HUDCO,9.46,9.46
INDSWFTLAB,47.96,40.72
SAREGAMA,45.28,44.07
FDC,20.58,19.55
ENGINERSIN,19.55,19.55
ADROITINFO,15.07,15.07
JAICORPLTD,10.76,10.69
ANTGRAPHIC,9.36,9.36
GMDCLTD,19.38,32.18
INDUSINDBK,60.22,60.22
ASAHIINDIA,52.15,50.90
TRIGYN,82.90,51.91
J&KBANK,7.61,7.61
KOTHARIPRO,10.53,14.68
CUB,14.97,14.97
SOUTHBANK,8.17,8.17
ASTRAZEN,109.20,107.13
CEMPRO,34.50,34.50
AXISBANK,13.87,13.87
CYIENT,21.68,20.06
SONATSOFTW,19.26,17.62
NOIDATOLL,2.86,2.86
CYBERTECH,13.23,13.23
KOKUYOCMLN,38.70,38.70
DHANBANK,11.21,11.21
SANGHVIMOV,21.22,20.53
STCINDIA,34.72,14.89
MANUGRAPH,9.91,12.80
VIPCLOTHNG,19.05,19.05
NATIONALUM,10.37,10.37
IVC,53.72,53.72
JINDALSTEL,41.54,28.37
ALEMBICLTD,6.86,6.86
ICDSLTD,50.08,50.08
BSOFT,15.54,14.93
HCLTECH,21.12,20.28
ACCELYA,17.90,16.91
STAR,14.58,15.51
ZYDUSLIFE,21.69,20.24
GLENMARK,35.77,20.99
RAJESHEXPO,21.94,21.94
CINEVISTA,13.84,13.84
SHREERAMA,20.69,20.69
WOCKPHARMA,165.02,114.33
NRBBEARING,29.70,29.32
IOB,11.07,11.07
RAMCOSYS,57.73,20.67
GVPIL,20.30,18.38
BIL,82.82,82.82
KTKBANK,8.16,8.16
MAHLIFE,24.81,26.75
MUKTAARTS,,44.41
BLBLIMITED,2.53,2.53
AJANTPHARM,38.42,38.42
BLUESTARCO,61.16,59.02
CALSOFT,5.27,5.27
TVSMOTOR,58.59,58.05
PNBGILTS,14.21,14.51
PNC,,8.05
TAJGVK,5.31,14.74
NLCINDIA,12.54,12.54
REPRO,5.43,
CHENNPETRO,4.55,4.55
TTML,205.08,
KRBL,13.37,13.37
HAVELLS,49.55,48.56
GAEL,18.66,18.52
USHAMART,30.93,30.13
AXISCADES,94.34,86.98
UMIYA-MRO,19.61,19.61
TIPSMUSIC,38.44,38.44
STLTECH,135.12,140.66
HIKAL,,52.11
TRIDENT,32.47,32.47
MARKSANS,29.54,29.54
GOLDTECH,279.54,
SMARTLINK,12.95,12.95
GODREJCP,56.15,51.50
JISLJALEQS,,164.16
LUPIN,19.47,17.96
UNITDSPR,58.41,55.01
TCI,15.29,15.29
MPSLTD,26.62,27.34
BHARTIARTL,33.59,31.05
ASAL,26.91,25.97
OLECTRA,63.32,64.62
PONNIERODE,5.57,9.40
PNB,5.97,5.97
APTECHT,22.85,21.51
SURANAT&P,8.02,8.02
TEAMGTY,279.58,279.58
OFSS,30.12,30.12
UNIONBANK,6.79,6.79
NUCLEUS,17.44,16.09
CANBK,6.03,6.03
GENESYS,46.37,43.03
OMAXAUTO,9.66,9.66
GODREJIND,18.32,17.96
DIVISLAB,75.10,73.73
RADICO,85.68,84.81
INDORAMA,9.63,9.47
MARUTI,30.79,30.79
VARDHACRLC,8.62,8.62
UCOBANK,11.75,11.75
BAGFILMS,18.66,18.66
JSL,18.70,18.44
NSIL,50.43,50.42
WELSPUNLIV,72.82,70.59
JAIBALAJI,46.06,44.91
IGL,13.78,13.78
DREDGECORP,76.26,76.26
TVTODAY,39.88,0.94
UNIENTER,32.63,32.63
UPL,20.82,20.05
MUKANDLTD,3.43,3.43
PETRONET,10.76,10.76
PTC,10.26,10.20
VAIBHAVGBL,14.27,14.28
BIOCON,166.86,68.95
MAHABANK,7.99,7.99
POONAWALLA,53.71,53.71
XPROINDIA,78.94,78.94
RKFORGE,123.82,108.30
DATAMATICS,23.57,20.02
CCL,34.88,34.88
EXCELINDUS,17.10,17.10
LT,28.43,26.72
APARINDS,56.56,55.43
AMBICAAGAR,12.40,12.40
CENTEXT,16.77,16.11
NIITLTD,140.52,73.82
ULTRACEMCO,41.62,41.18
TCS,17.73,16.44
COFORGE,40.95,37.44
TEXINFRA,154.28,154.28
GULFPETRO,7.12,6.74
GUFICBIO,65.81,65.81
ASTRAMICRO,90.53,90.53
WELENT,23.42,21.80
NTPC,11.72,11.72
KOTARISUG,33.14,
JBMA,63.05,61.47
DWARKESH,52.26,52.26
INDOCO,660.21,
SUPRAJIT,38.32,38.10
PATELENG,10.54,6.59
XCHANGING,12.60,12.60
JSWSTEEL,11.35,26.27
CONSOFINVT,17.70,17.70
JPPOWER,19.17,14.73
EVEREADY,14.55,
GOKEX,58.94,58.94
SAKSOFT,16.80,16.35
ALLDIGI,14.45,13.34
IIFL,11.54,11.54
WELCORP,20.93,20.93
SSWL,22.84,22.84
CYBERMEDIA,7.49,7.78
SHAHALLOYS,3.69,
SURYALAXMI,28.25,29.76
JKPAPER,21.18,20.53
PRIMESECU,215.75,59.26
GRANULES,32.69,33.39
JSWHL,97.16,95.93
VHL,4.52,4.52
GEOJITFSL,28.76,26.70
GENUSPOWER,15.75,15.75
YESBANK,18.87,18.87
MSPL,53.84,14.63
SPLIL,13.43,13.43
MCLEODRUSS,,21.64
SEMAC,13.17,13.17
GOLDIAM,26.61,26.61
RML,24.46,23.97
HTMEDIA,87.21,8.47
SASKEN,40.42,37.69
FCSSOFT,89.27,57.19
IMPAL,17.94,17.94
SUZLON,21.05,21.52
AURIONPRO,19.49,19.11
BASML,15.72,15.72
TRIVENI,18.74,18.20
AIAENG,35.12,35.05
NAHARINDUS,10.75,10.61
ORIENTCER,19.50,18.51
EKC,8.62,8.77
VIMTALABS,36.53,36.02
KERNEX,46.69,46.69
PVRINOX,25.58,22.96
NITINSPIN,15.32,15.32
ROHLTD,26.60,27.44
ENIL,,295.44
JAGRAN,7.47,7.47
SADBHAV,1.64,11.20
SAKUMA,26.86,26.86
KEC,21.05,19.49
JKCEMENT,44.30,42.76
INDOTECH,43.42,43.42
M&MFIN,17.42,16.87
BLKASHYAP,815.57,30.33
VISACHROME,0.53,
NITCO,83.37,73.15
CENTURYPLY,58.16,57.10
KEI,53.71,53.71
VAKRANGEE,64.52,64.63
SOLARINDS,97.17,97.13
GALLANTT,33.52,33.52
UTTAMSUGAR,9.58,9.48
KKCL,19.69,19.69
SUNTV,13.31,12.86
GPIL,20.05,19.71
RSYSTEMS,15.24,13.94
EMKAY,33.43,33.43
BALPHARMA,22.48,22.48
SWELECTES,17.65,17.12
KAMDHENU,11.58,11.58
RATNAMANI,29.95,29.51
PIONEEREMB,122.42,
JKLAKSHMI,18.92,18.08
PFOCUS,153.82,93.24
ALLCARGO,42.03,34.82
MUNJALAU,22.19,25.54
EMAMILTD,24.01,23.72
GMRAIRPORT,239.61,207.31
TECHM,31.04,29.95
GRINDWELL,53.98,53.98
VOLTAMP,45.45,45.45
ANTELOPUS,21.18,19.87
ACE,29.83,29.83
ANANTRAJ,38.19,38.19
TALBROAUTO,26.05,26.05
ALICON,35.40,33.29
GEECEE,16.12,16.44
JMFINANCIL,10.98,10.82
FIEMIND,26.57,26.57
DCBBANK,7.88,7.88
INSPIRISYS,9.68,9.22
GTLINFRA,1.47,
NAUKRI,45.07,46.05
VGL,25.36,25.36
GESHIP,5.11,5.11
TORNTPOWER,28.48,28.48
MANALIPETC,8.56,16.44
LTFOODS,23.19,23.19
DONEAR,10.11,10.11
RUCHIRA,12.22,12.22
SOBHA,62.08,62.08
VENUSREM,17.73,17.73
JINDRILL,9.62,9.45
HIRECT,116.68,113.86
NFL,16.68,16.68
PLASTIBLEN,12.03,12.03
PARACABLES,37.75,37.76
HBLENGINE,37.55,37.18
TANLA,15.27,15.27
AVTNPL,16.89,16.89
ZEEMEDIA,249.23,70.60
VEEDOL,13.61,13.61
LUMAXTECH,34.82,33.83
SARLAPOLY,496.68,12.27
PTL,11.54,11.54
WANBURY,13.47,12.80
AUTOIND,11.05,25.39
GANDHITUBE,15.81,15.64
PITTIENG,30.04,30.04
NETWORK18,,5455.95
UNOMINDA,57.51,56.61
IZMO,30.96,30.96
HUBTOWN,23.06,23.06
CTE,155.12,155.12
TIIL,20.84,20.84
ORIENTBELL,37.17,34.49
PGIL,37.47,37.10
REDINGTON,18.44,17.31
TTL,325.98,325.98
FSL,29.07,24.41
PFC,4.12,4.12
SMSPHARMA,34.58,34.58
INDIANB,9.37,9.37
ORIENTALTL,21.14,15.84
IDEA,3.99,
PAGEIND,58.26,56.36
LAOPALA,22.84,22.49
JKTYRE,17.34,13.60
ASTRAL,72.55,70.43
NAHARSPING,15.06,15.06
NAHARPOLY,8.06,8.06
THEMISMED,889.84,506.57
NCLIND,8.79,8.19
BALAMINES,31.20,31.20
BANSWRAS,11.41,10.18
ICRA,25.05,24.92
PHOENIXLTD,41.59,41.00
NDLVENTURE,480.14,480.14
ZENITHSTL,16.79,23.62
BFUTILITIE,7.15,7.15
FORTIS,67.38,66.26
SRHHYPOLTD,9.92,8.89
WEBELSOLAR,13.81,13.79
TGBHOTELS,18.85,18.85
HILTON,31.97,31.97
INSECTICID,13.52,13.52
KMSUGAR,5.38,5.38
NAVINFLUOR,53.71,53.34
TIMETECHNO,20.31,20.31
NAGREEKEXP,23.14,23.14
NELCAST,26.61,26.61
V2RETAIL,49.56,57.33
DLF,35.74,37.39
TARMAT,21.16,21.16
SPARC,4.45,4.42
SIGMAADV,46.76,45.52
ADSL,16.92,16.67
ALPA,9.45,9.45
CENTRALBK,6.22,6.22
ASIANTILES,166.58,166.58
TAKE,30.94,30.94
KPRMILL,42.47,42.47
CIEINDIA,17.24,17.24
PURVA,88.75,88.75
MOTILALOFS,26.41,26.41
INDOWIND,,196.43
NAGREEKCAP,3.82,3.82
KSCL,13.29,13.29
POWERGRID,15.89,15.89
SUPREMEINF,0.15,
MAANALU,57.28,57.28
IL&FSENGG,45.51,36.48
DELTACORP,19.88,19.30
BAJAJELEC,,62.32
ENERGYDEV,,14.41
CERA,38.52,38.01
RELIGARE,108.29,108.29
BVCL,312.35,312.35
ADANIPORTS,29.74,29.34
EDELWEISS,15.76,13.75
RGL,12.10,12.10
KAUSHALYA,103.09,103.09
COLPAL,40.97,40.34
JYOTHYLAB,22.76,22.76
MADHAV,78.92,78.92
KALYANIFRG,24.81,24.81
HITECHCORP,36.45,33.70
ECLERX,22.82,22.82
TARIL,33.23,33.23
BRIGADE,26.19,25.78
MANAKSIA,7.05,7.05
DVL,10.68,10.68
PATINTLOG,8.85,8.85
PPAP,9.82,112.00
ARIES,10.41,10.41
AMBIKCO,13.40,13.40
KAVDEFENCE,276.67,276.67
CEATLTD,25.57,23.26
BIRLAMONEY,13.79,13.20
RPOWER,,123.51
JKIL,9.91,9.70
CORDSCABLE,13.69,13.69
KNRCON,9.01,9.01
SEPC,22.17,21.72
BANG,6.84,5.27
IRB,24.91,23.82
NMDC,10.02,10.02
GSS,,16.88
NAHARCAP,3.75,3.75
RECLTD,6.03,6.02
VGUARD,38.29,36.75
NESCO,17.71,17.71
DPSCLTD,56.16,56.16
TITAGARH,67.30,67.30
KIRIINDUS,0.50,4.03
BAJAJFINSV,15.58,15.39
BAJAJ-AUTO,27.74,27.66
DIGISPICE,21.76,18.78
GOKUL,21.26,21.26
RPGLIFE,36.79,37.76
ALMONDZ,7.37,7.37
ARCHIDPLY,13.65,12.88
LOTUSEYE,3073.41,2946.26
VINYLINDIA,23.84,23.84
UBL,93.58,107.13
LPDC,57.37,57.37
ZFCVINDIA,60.12,59.42
20MICRONS,9.88,9.84
JOCIL,15.82,15.82
ALKALI,64.27,64.27
COUNCODOS,80.85,80.85
TPHQ,455.37,455.37
TATACAP,28.69,28.53
MAWANASUG,16.45,13.35
AJMERA,15.24,15.24
MHRIL,90.51,104.04
VINATIORGA,30.63,30.63
LANDSMILL,98.72,98.72
ADANIPOWER,27.73,27.73
NHPC,18.11,18.11
GLOBUSSPR,28.56,28.56
OIL,7.56,7.56
EXPLEOSOL,10.47,9.77
RTNPOWER,41.84,41.84
AMRUTANJAN,26.03,23.30
SUNTECK,20.86,20.86
ZYDUSWELL,90.25,71.82
DEN,8.89,8.89
SHILPAMED,49.98,55.28
SARDAEN,15.24,15.37
REFEX,16.21,16.21
GILLANDERS,11.10,11.10
AHLUCONT,20.72,20.83
DLINKINDIA,14.72,14.72
JSWENERGY,42.08,40.74
GODREJPROP,39.17,40.14
DBCORP,10.66,10.66
HINDCOPPER,56.44,56.44
BEARDSELL,9.95,9.95
MMTC,24.77,
NESTLEIND,77.92,80.16
TRF,,47.68
WHIRLPOOL,40.92,37.89
UNITEDTEA,11.52,11.52
JUBLFOOD,72.26,70.37
VASCONEQ,15.94,15.94
THANGAMAYL,41.93,41.75
EMMBI,20.45,18.49
DBREALTY,235.56,
HATHWAY,25.49,25.49
TEXMOPIPES,9.04,9.04
MANINFRA,21.78,21.78
LGBBROSLTD,15.24,15.19
PERSISTENT,44.91,43.40
ASIANHOTNR,,492.95
ISFT,9.57,9.57
KIRLOSBROS,40.02,36.78
KSL,14.01,13.70
SJVN,41.79,41.79
SUNDARAM,18.33,21.09
KIRLOSIND,11.09,10.85
MANAPPURAM,34.69,34.69
UMESLTD,34.19,32.75
TI,,53.73
HMVL,8.11,6.82
IMFA,15.14,15.14
BLISSGVS,37.66,37.22
AHLWEST,9.68,7.34
AHLEAST,,30.71
BAJAJCON,31.48,31.48
UGARSUGAR,17.56,17.56
PRAKASHSTL,83.04,83.04
GPPL,14.23,14.65
ADFFOODS,31.02,29.49
WELINV,219.33,219.33
WAAREEINDO,8.19,8.19
KILITCH,22.93,22.93
DEEPAKNTR,31.28,30.92
CPCAP,4.96,4.96
GREENPOWER,17.22,20.45
RAMKY,9.96,13.10
CANTABIL,19.55,19.55
WABAG,33.03,32.80
ASHOKA,1.29,13.87
BEDMUTHA,56.09,56.09
JWL,66.95,62.22
OBEROIRLTY,24.54,24.38
PRESTIGE,53.95,53.95
SHAH,25.34,25.34
CGCL,19.65,19.65
RESPONIND,30.44,30.33
COALINDIA,8.21,8.21
IOLCP,35.80,33.65
GRAVITA,32.64,32.64
JINDWORLD,46.04,46.57
PENIND,15.54,15.54
RPPINFRA,69.30,101.92
JAMNAAUTO,24.76,23.94
SUMEETINDS,43.59,42.39
MOIL,18.64,18.64
ZEELEARN,5.73,10.78
A2ZINFRA,58.96,51.54
KIRLOSENG,58.84,56.23
RKDL,341.58,37.88
PSB,12.19,12.19
FMNL,7.79,7.79
SURANASOL,20.43,20.43
SHEKHAWATI,5.36,5.36
BFINVEST,6.27,6.27
KICL,67.04,50.30
SUMMITSEC,13.65,13.65
STEL,52.03,52.03
TEXRAIL,20.65,20.40
HFCL,52.67,52.67
INDTERRAIN,356.92,155.94
DHUNINV,12.16,12.22
LOVABLE,33.37,33.37
PFS,8.36,8.29
MUTHOOTFIN,10.13,10.13
VADILALIND,33.40,33.40
SYMPHONY,,44.13
PIIND,31.87,34.05
RELAXO,58.80,58.80
OMINFRAL,40.92,40.92
VSTTILLERS,37.08,37.09
DELPHIFX,57.57,40.69
KARMAENG,45.44,112.21
ASHIANA,32.05,32.05
DHANUKA,16.97,16.97
MAITHANALL,6.43,6.43
RUSHIL,23.31,23.31
INVENTURE,30.00,34.96
LTF,24.14,23.99
WINDMACHIN,459.36,6986.72
IBULLSLTD,14.02,12.36
BODALCHEM,12.65,12.65
GAYAPROJ,0.46,10.34
ASAHISONG,12.59,12.59
FILATEX,19.36,19.36
BROOKS,7.19,7.19
TDPOWERSYS,82.50,82.50
APLLTD,23.66,21.96
VASWANI,40.48,40.48
PGEL,87.51,87.51
PANAMAPET,14.37,14.37
PAISALO,24.85,24.79
ONELIFECAP,22.25,22.25
SHAKTIPUMP,30.01,30.01
TRITURBINE,57.91,56.15
INDOTHAI,18.81,18.81
ESSARSHPNG,,64.96
DSSL,18.44,18.44
JISLDVREQS,6.26,0.97
POLYMED,54.86,54.01
RUPA,18.09,17.07
VIKASECO,38.72,38.72
APLAPOLLO,44.51,44.51
KANANIIND,11.60,11.60
MINDACORP,48.16,48.11
THOMASCOTT,24.84,23.57
DBSTOCKBRO,36.41,36.41
IRFC,16.13,16.13
COMPUSOFT,35.82,
RHIM,,44.79
SCHNEIDER,152.40,147.58
NDL,10.09,10.09
NBCC,34.67,37.66
TBZ,9.00,9.00
VSSL,23.07,23.07
SWANCORP,35.59,35.59
SPECIALITY,33.79,29.74
CINELINE,25.17,20.39
SAMPANN,19.18,19.18
PROZONER,36.45,36.45
THEJO,49.39,47.59
MAYURUNIQ,16.22,16.22
ROSSELLIND,18.27,17.95
DUCON,9.42,9.42
TVSHLTD,7.73,7.66
ZUARI,0.98,4.97
VETO,9.50,9.50
CARERATING,29.21,29.21
PCJEWELLER,13.28,13.27
INDUSTOWER,14.23,14.23
VMART,46.21,46.04
REPCOHOME,5.04,5.04
JUSTDIAL,11.54,11.13
ATULAUTO,32.53,31.84
ORIENTCEM,13.42,13.21
ESSENTIA,634.56,634.56
PILITA,64.51,64.51
AURUS,8.19,8.19
MITCON,14.68,14.68
ORBTEXP,15.86,15.86
JPOLYINVST,1.31,1.31
SREEL,17.44,17.42
NATHBIOGEN,8.18,9.42
CASTROLIND,17.88,17.62
SDBL,147.19,76.66
IREDA,17.12,17.12
BUTTERFLY,25.35,24.74
WONDERLA,30.69,29.62
AGARIND,17.67,17.67
HATSUN,59.10,59.10
CAPLIPOINT,30.11,30.11
GOCLCORP,1.43,1.44
GULFOILLUB,15.91,15.27
SNOWMAN,123.28,57.32
SHARDACROP,11.73,11.73
SUPERHOUSE,44.71,44.71
PDSL,27.49,27.49
INTELLECT,28.80,27.49
MONTECARLO,9.88,9.88
GOODLUCK,23.92,23.92
FCL,32.72,32.72
CAMLINFINE,103.28,44.95
GULPOLY,8.65,8.65
APOLSINHOT,32.57,32.81
CCHHL,,26.02
LAMBODHARA,9.62,9.62
GRPLTD,188.40,153.09
GENUSPAPER,24.00,24.00
MOLDTKPAC,29.95,29.95
GREENLAM,75.11,77.94
VISHNU,26.38,26.38
GANECOS,50.48,50.48
LINC,18.63,18.63
MENONBE,30.28,30.28
HESTERBIO,15.02,38.44
JMA,6.68,6.68
MANAKALUCO,35.11,35.11
MANAKSTEEL,13.86,13.86
MANAKCOAT,29.94,29.94
ZENTEC,79.00,78.40
IMAGICAA,212.28,240.58
INOXWIND,32.32,32.32
LFIC,38.76,38.76
BYKE,26.22,26.22
AVANTIFEED,18.81,18.56
VRLLOG,18.41,18.41
PRIVISCL,41.62,41.62
BCG,1.95,1.95
UFO,11.11,11.11
TPLPLASTEH,20.07,20.07
NILAINFRA,11.76,11.76
ARROWGREEN,24.88,24.88
PNCINFRA,7.86,9.80
SKIPPER,27.43,26.43
ALANKIT,10.83,10.83
ORICONENT,33.87,39.33
ADANIENSOL,64.51,65.00
SYNGENE,73.74,57.59
AYMSYNTEX,222.68,222.68
EMKAYTOOLS,11.71,11.71
RAMASTEEL,68.34,68.34
AURUM,30.86,30.86
MUTHOOTCAP,17.79,16.62
SATIN,6.25,6.25
ARVSMART,15.81,15.81
POWERMECH,19.68,19.68
SHARDAMOTR,15.64,16.33
NAVKARCORP,37.51,37.51
SHREEPUSHK,18.78,18.78
GUJENERGY,24.26,21.20
SADBHIN,2.04,0.59
IDFCFIRSTB,31.65,31.65
COFFEEDAY,3.58,
SHK,26.20,53.85
PERFECT,5.43,5.43
BALAXI,55.38,55.38
LUXIND,35.99,34.68
TTKHLTCARE,20.73,20.02
SALZERELEC,23.99,23.99
PILANIINVS,155.83,155.83
KRIDHANINF,11.90,25.89
LINCOLN,13.68,13.68
LALPATHLAB,59.27,57.13
ALKEM,28.58,27.12
NH,47.18,44.93
PRECAM,26.56,31.26
TEAMLEASE,13.94,13.48
HITECH,22.38,22.38
VIDHIING,29.70,29.70
BHAGERIA,13.41,13.41
NECCLTD,19.94,19.94
KELLTONTEC,8.22,8.22
VIYASH,79.58,57.45
GOKULAGRO,16.06,16.06
KDDL,31.47,31.10
PDMJEPAPER,9.90,9.90
HCG,303.39,64.07
HECPROJECT,11.44,11.44
WEALTH,26.09,26.09
BHARATWIRE,19.97,19.97
CCAVENUE,20.31,20.12
THYROCARE,54.59,53.25
CROMPTON,,25.45
SAGARDEEP,15.78,17.22
PARAGMILK,21.65,20.73
SHRIPISTON,33.68,32.54
UNITEDPOLY,25.98,25.98
ARMANFIN,37.75,37.75
ALBERTDAVD,20.81,20.81
BLS,14.07,14.07
ASPINWALL,11.90,14.68
SALONA,82.61,82.61
PREMEXPLN,75.23,69.17
CONTROLPR,23.78,23.82
INCREDIBLE,13.20,13.20
MAHASTEEL,179.15,189.14
DAMODARIND,11.56,11.56
MGL,15.75,15.75
MOLDTECH,29.95,29.95
POKARNA,32.23,32.23
COMPINFO,0.29,0.29
GPTINFRA,15.24,15.24
QUESS,18.34,17.93
GROBTEA,18.19,16.64
SOMICONVEY,21.51,21.51
LLOYDSENGG,60.08,60.08
LTM,26.59,24.78
GATECH,8.46,8.46
MINDTECK,19.47,18.36
ADVENZYMES,21.15,22.32
DBL,5.22,11.76
SPAL,25.81,25.15
RBLBANK,67.14,67.14
MBAPL,44.70,44.70
CUPID,256.58,256.58
LTTS,28.87,27.77
GNA,17.12,17.12
CROWN,14.37,14.37
ICICIPRULI,42.94,42.94
MARATHON,13.20,13.10
HPL,24.11,23.11
JETKNIT,449.43,449.43
JAIPURKURT,26.53,26.53
MASKINVEST,812.01,812.01
SAKAR,56.99,56.99
PANSARI,27.48,27.48
ARTNIRMAN,203.96,203.96
ENDURANCE,42.93,42.27
NIRAJISPAT,7.98,7.98
MAZDA,16.83,16.83
PNBHOUSING,12.87,12.87
VBL,43.85,43.85
KINGFA,40.59,40.59
AGROPHOS,8.13,8.55
PODDARMENT,18.51,18.51
ROLLT,4.69,
NBIFIN,50.40,50.40
KIOCL,1436.85,1436.85
JETFREIGHT,15.71,15.71
SFL,34.15,37.05
TCIEXP,25.84,25.38
LAURUSLABS,91.37,91.37
TERASOFT,20.57,20.57
ITDC,73.06,73.06
HISARMETAL,17.25,17.25
RHFL,3.77,31.62
LIBAS,124.77,9.88
PROLIFE,7.57,7.57
SPCENET,13.03,13.03
MAHESHWARI,12.61,12.61
BHANDARI,15.91,15.91
BSE,49.97,49.97
MCL,35.16,35.16
PRICOLLTD,33.57,33.57
STEELCITY,7.49,7.49
KRISHANA,28.09,28.09
GLOBAL,19.56,19.56
NITIRAJ,201.71,201.71
AKASH,68.18,45.77
DMART,83.20,83.20
TASTYBITE,68.28,67.65
INTENTECH,,12.81
AIRAN,15.51,14.84
ARIHANTSUP,28.77,28.77
URJA,356.58,356.58
EIFFL,141.80,144.04
NRAIL,14.92,13.70
SHANKARA,69.56,65.94
NACLIND,335.86,139.32
CNL,22.77,22.77
WIPL,316.96,316.96
FOCUS,89.22,86.82
DEVIT,2.01,
SIKKO,51.60,51.60
MKPL,23.14,23.14
DOLLAR,14.80,15.04
PANACHE,44.40,38.35
INFOBEAN,19.29,19.29
SCHAND,7.01,6.71
BHAGYANGR,20.02,20.02
PSPPROJECT,51.98,51.98
JALAN,177.79,43.43
STARCEMENT,22.75,22.19
GLOBE,9.85,9.85
ERIS,28.78,28.14
CDSL,59.01,59.01
GTPL,104.95,100.08
AUBANK,28.00,28.00
SHRENIK,294.83,294.83
DYNPRO,16.24,16.24
STEELXIND,44.98,44.98
SALASAR,58.31,58.31
UNIVASTU,15.42,15.42
AVADHSUGAR,18.24,17.65
PALASHSECU,7.86,7.86
MAGADSUGAR,14.15,13.94
GANGESSECU,43.89,43.89
THEINVEST,14.77,15.09
TOTAL,12.39,12.39
OPTIEMUS,68.61,68.61
WEWIN,10.71,10.71
SIS,41.95,12.61
COCHINSHIP,55.80,55.80
HALEOSLABS,28.88,28.88
VAISHALI,24.69,24.69
LEXUS,30.12,
GEEKAYWIRE,8.21,8.21
SERVOTECH,54.34,54.34
ABCAPITAL,26.35,26.12
APEX,30.31,31.86
PASHUPATI,84.20,84.20
MANAV,7.67,7.67
DIXON,41.70,41.70
DCAL,31.06,30.47
MATRIMONY,29.09,29.09
CHOLAHLDNG,5.57,5.57
CAPACITE,9.67,9.67
ICICIGI,33.72,33.72
WORTHPERI,13.21,13.12
SBILIFE,71.57,71.57
RMDRIP,22.14,22.14
DPWIRES,14.73,14.73
AARVI,12.95,12.67
DIAMONDYD,255.28,232.53
AIROLAM,25.52,25.52
RKEC,4.70,4.70
GATECHDVR,1.12,1.12
GOLDSTAR,12.97,12.97
JASH,41.68,41.71
RELIABLE,18.11,17.94
TIRUPATIFL,148.88,148.88
OMFURN,11.09,11.09
GODREJAGRO,24.59,23.38
TCPLPACK,29.30,26.68
MILTON,32.07,32.07
MASFIN,13.73,13.61
IEX,22.35,22.35
DPABHUSHAN,13.74,13.74
GICRE,6.47,6.47
TIINDIA,47.99,46.40
NAM-INDIA,45.93,45.93
MAHLOG,83.52,80.61
NIACL,40.70,40.70
IFGLEXPOR,39.97,32.67
KHADIM,64.13,31.53
5PAISA,38.98,38.98
HDFCLIFE,59.39,59.39
VERTOZ,11.73,11.73
PULZ,12.17,12.17
SILVERTUC,59.56,59.56
ZODIAC,18.16,18.16
FELIX,18.01,18.01
ICEMAKE,106.71,106.71
SHRADHA,9.30,9.30
INNOVANA,18.64,18.64
SHALBY,49.85,49.85
TOUCHWOOD,18.37,18.37
ONEPOINT,41.52,40.54
SHIVATEX,21.93,21.93
AJOONI,15.43,15.43
MOKSH,9.90,9.90
BCONCEPTS,189.39,113.69
APOLLO,130.60,130.60
NEWGEN,25.03,22.91
AMBER,115.79,162.53
SOLEX,13.48,13.53
GALAXYSURF,27.40,26.42
SINTERCOM,160.96,160.96
SOUTHWEST,17.32,18.09
SHIVAMILLS,16.83,16.83
ARVEE,42.57,42.57
ASTERDM,208.94,182.60
BANKA,239.90,137.04
GMMPFAUDLR,65.34,36.55
HGINFRA,10.85,11.91
HINDCON,37.38,37.38
SARVESHWAR,12.65,12.65
MACPOWER,43.24,43.24
TARACHAND,17.03,16.86
BDL,112.85,112.85
TSFINV,19.76,19.76
BANDHANBNK,20.96,20.96
HAL,36.02,36.02
URAVIDEF,58.63,58.63
MITTAL,17.44,25.68
SANDHAR,20.20,20.61
GIRIRAJ,8.48,8.48
KAPSTON,56.89,56.89
MIDHANI,62.01,62.01
CONTI,16.08,15.86
LEMONTREE,29.56,26.88
AVG,14.20,14.20
MMP,34.40,20.05
NARMADA,27.32,27.32
PIGL,15.88,15.80
BSHSL,33.28,33.28
AAKASH,26.01,26.01
SOFTTECH,109.13,104.67
ORIENTELEC,36.76,33.85
E2E,379.66,379.66
BORORENEW,18.43,18.78
SIRCA,38.13,38.13
LATTEYS,33.05,32.58
SONAMLTD,24.20,24.20
ADANIGREEN,105.34,96.36
OSWALSEEDS,13.46,13.46
PRITI,53.85,53.85
ACCURACY,18.85,18.85
SOLARA,,562.54
FINEORG,36.13,36.13
RITES,24.40,24.40
VARROC,61.93,35.41
AMBANIORGO,69.02,69.02
AVROIND,26.56,26.56
HDFCAMC,37.02,37.02
TEMBO,1.16,1.19
CREDITACC,20.17,20.17
AARON,41.37,41.37
SIGIND,12.35,11.15
SUMIT,41.15,41.15
LAGNAM,8.04,8.04
RPPL,9.38,9.38
AKG,76.47,76.47
IRCON,20.85,20.85
AHLADA,276.67,276.67
SPECTRUM,76.54,76.54
AAVAS,15.83,15.83
KSHITIJPOL,6.68,6.68
GRSE,37.19,37.19
KRITIKA,24.02,19.87
PARIN,123.42,123.42
SILGO,48.47,48.12
VINNY,53.96,53.96
BBTCL,23.46,23.46
MARINE,80.43,79.01
IRISDOREME,59.04,59.04
ATGL,114.39,114.39
TECHNOE,26.17,26.17
SHUBHLAXMI,18.93,18.93
UNIPARTS,20.39,20.11
SHRIRAMPPS,14.30,14.30
TREJHARA,33.50,32.73
NILASPACES,15.34,15.34
AWHCL,12.86,12.86
DALBHARAT,35.97,29.32
RPSGVENT,1833.90,56.69
SURANI,66.62,247.48
CHALET,35.66,35.15
MSTCLTD,19.06,19.06
OSIAHYPER,2.73,2.73
ANUP,44.84,44.24
ARVINDFASN,32.89,30.15
PAR,8.35,8.35
KHFM,32.71,32.71
RVNL,55.89,55.89
POLYCAB,47.80,47.80
METROPOLIS,57.57,55.68
KPITTECH,29.68,27.66
SWSOLAR,,17.73
NEOGEN,156.46,156.46
VIKASLIFE,,10.19
EMAMIPAP,7.16,7.11
VCL,4.46,4.46
CONFIPET,27.98,27.98
PPL,14.40,14.40
DGCONTENT,124.16,8.72
INDIAMART,21.39,21.39
ATMASTCO,19.41,14.59
ABINFRA,32.89,32.88
OAL,239.41,239.41
DCMNVL,10.63,8.65
SATIA,15.52,11.91
WEL,190.70,190.70
AFFLE,48.52,48.52
CHEMCON,24.71,24.71
WESTLIFE,292.15,
DOLATALGO,9.66,9.66
HNDFDS,44.85,43.84
UJJIVANSFB,15.06,15.06
MAZDOCK,35.55,35.55
IRCTC,29.85,30.11
SAFARI,44.13,44.13
DCI,27.38,27.38
360ONE,37.66,37.66
IIFLCAPS,18.38,18.38
HPIL,53.85,53.85
SAMHI,6.78,8.35
SHIVAUM,29.62,29.62
FLUOROCHEM,86.47,84.56
GREENPANEL,350.56,350.56
KUANTUM,17.90,17.90
CHEMBOND,16.28,15.75
MGEL,10.17,13.25
ROUTE,12.48,
SBICARD,27.56,27.56
HOMEFIRST,21.47,21.47
SIGMA,15.23,15.23
CSBBANK,8.27,8.27
EQUITASBNK,16.86,16.86
ROSSARI,18.89,18.89
HINDWAREAP,,120.23
PRINCEPIPE,29.34,28.80
LIKHITHA,22.71,22.71
PARKHOTELS,47.44,45.87
ARTEMISMED,43.94,43.03
PATANJALI,21.44,20.07
SUMICHEM,45.91,46.55
LGHL,347.84,402.11
ATALREAL,67.37,67.37
ASALCBR,17.81,17.81
MAHEPC,31.61,26.56
COHANCE,291.35,284.36
POWERINDIA,126.31,121.98
STOVEKRAFT,54.32,54.32
BHARTIHEXA,42.18,41.60
KSOLVES,17.90,17.90
RAJRATAN,33.47,33.47
HAPPSTMNDS,27.83,26.47
AARTISURF,24.67,24.67
GLAND,41.77,41.08
BOROLTD,39.11,37.61
NDRAUTO,31.75,31.50
MAXHEALTH,72.20,70.15
PAVNAIND,47.44,30.50
AAATECH,57.04,57.04
KALYANKJIL,43.63,42.79
BTML,17.02,17.12
SHAREINDIA,10.05,10.05
UNIDT,25.15,25.15
SIGACHI,,26.87
ANGELONE,25.85,25.85
ADL,19693.39,233.79
NIRAJ,8.28,8.28
VALIANTORG,24.34,29.40
CAMS,39.82,39.82
SURYODAY,8.98,8.98
ROML,14.39,14.39
UTIAMC,22.49,19.35
RAILTEL,26.76,24.96
BECTORFOOD,46.31,46.31
KHAICHEM,9.32,9.32
ORCHPHARMA,249.65,188.70
SUBEXLTD,25.79,23.84
NURECA,75.36,75.36
INDIGOPNTS,36.23,35.20
LXCHEM,38.74,38.74
TARC,202.79,202.79
RVHL,5.59,5.59
MTARTECH,163.32,160.10
ANURAS,62.23,62.23
KANPRPLA,11.34,11.34
ISGEC,21.07,20.21
RUBFILA,14.99,14.99
STYLAMIND,35.31,35.31
PAKKA,44.55,44.55
CLSEL,11.05,11.05
PARTYCRUS,8.11,8.11
CARYSIL,34.02,33.74
MANCREDIT,28.17,28.17
SHAILY,82.27,82.27
MODISONLTD,12.48,11.49
FIBERWEB,8.56,8.56
BCLIND,8.63,8.63
BHAGCHEM,134.55,134.55
SBCL,50.01,49.76
AADHARHFC,19.41,19.20
SMCGLOBAL,15.14,15.14
NPST,76.94,76.94
SVPGLOB,1.08,
ARIHANTCAP,20.16,20.16
SIDDHIKA,12.44,12.44
NAZARA,,15.53
IPL,15.54,15.54
GENCON,26.45,26.45
LODHA,29.49,29.49
HLEGLAS,57.35,52.69
BESTAGRO,24.06,24.06
VMARCIND,46.28,46.28
SONACOMS,74.36,71.12
DRCSYSTEMS,9.35,9.00
PARAS,107.28,109.84
CRAFTSMAN,58.97,58.51
DODLA,25.67,25.47
EXXARO,67.31,67.31
JUBLINGREA,38.20,37.07
ROLEXRINGS,27.03,1.43
SHYAMMETL,25.09,25.09
KIMS,175.24,171.87
MAKS,17.94,15.26
JSFB,15.29,15.29
TATVA,78.25,76.38
CLEAN,36.28,36.28
AILIMITED,28.32,28.32
ALIVUS,27.07,26.26
ABSLAMC,29.44,29.37
DEEPINDS,18.21,14.06
ETERNAL,702.05,702.05
BEWLTD,19.04,19.04
PIXTRANS,17.76,17.76
MEDIASSIST,28.92,29.00
WINDLAS,27.41,27.41
CARTRADE,53.31,51.57
KRSNAA,17.94,17.94
EQUIPPP,132.66,132.66
APTUS,13.26,13.26
SUPRIYA,35.54,35.48
ANMOL,5.10,5.10
ABCOTS,33.50,33.50
VIJAYA,74.22,74.22
ACUTAAS,69.70,69.70
MOL,20.83,20.83
SUYOG,16.36,16.36
SANSERA,73.77,71.05
BAJAJHCARE,62.97,21.82
PRITIKAUTO,12.53,12.53
NIVABUPA,121.87,121.87
MOBIKWIK,,532.32
AAREYDRUGS,51.08,51.08
GRINFRA,8.29,9.03
INTLCONV,6.98,6.98
DUGLOBAL,31.60,31.60
PAYTM,142.41,121.19
STEELCAS,37.00,37.00
HPAL,44.98,41.79
UGROCAP,7.08,7.08
STARHEALTH,60.22,60.22
KPIGREEN,14.39,14.44
YUKEN,75.52,75.52
SGIL,201.38,204.83
ANANDRATHI,74.79,74.79
SJS,37.02,40.85
FINOPB,24.58,22.68
POLICYBZR,99.20,99.20
NYKAA,366.78,349.47
AWL,22.16,21.79
MONARCH,17.10,17.10
SAPPHIRE,,360.44
QUADPRO,58.98,58.98
PRUDENT,56.98,56.98
EPIGRAL,17.53,17.53
NUVOCO,31.98,29.43
GOCOLORS,31.72,31.72
NGIL,41.77,41.77
IXIGO,89.58,87.48
CMSINFO,14.41,14.11
FUSION,239.30,239.30
COASTCORP,9.00,9.00
TARSONS,116.02,110.79
MEDPLUS,39.98,39.98
TEGA,85.62,85.62
RATEGAIN,46.38,43.51
MANORG,18.86,16.36
LATENTVIEW,30.96,30.96
METROBRAND,77.04,77.04
EMCURE,36.83,36.16
PASUPTAC,5.82,5.79
FOODSIN,14.59,14.58
PARADEEP,14.47,14.28
JAINAM,42.23,42.23
MAPMYINDIA,40.26,40.26
3IINFOLTD,15.70,14.09
TMB,9.60,9.60
KRITI,328.90,77.04
DYNAMIC,6.81,6.81
MANYAVAR,32.55,32.55
GANESHBE,11.82,13.01
DMCC,25.34,25.34
MEDICAMEQ,32.63,32.63
EMIL,30.95,32.53
SHIVALIK,22.31,22.31
GODAVARIB,5609.37,40.16
UMAEXPORTS,80.56,80.56
WAAREEENER,19.52,18.52
DATAPATTNS,91.53,90.78
JSLL,31.46,31.46
COOLCAPS,30.23,30.23
MEDANTA,70.86,68.78
AFSL,9.72,9.72
MALLCOM,23.19,23.19
NIDAN,12.41,11.45
IRIS,4.22,4.22
ASIANENE,37.66,31.73
SMLT,20.61,20.61
RADIANTCMS,14.87,14.91
GPTHEALTH,27.68,27.68
CHOICEIN,78.77,78.77
EUROBOND,15.22,15.22
HARIOMPIPE,16.32,16.32
GRWRHITECH,41.77,41.77
CAPITALSFB,8.94,8.94
DELHIVERY,379.58,297.58
DCMSRIND,9.09,9.09
VERANDA,19.13,50.90
RAJRILTD,35.74,35.74
EMUDHRA,38.14,38.14
DYCL,21.36,21.36
FIVESTAR,14.53,14.53
STARTECK,10.78,10.78
SBC,57.23,57.23
ELDEHSG,30.76,30.76
ELIN,,27.78
ANUHPHR,18.00,18.00
SHIGAN,18.71,18.71
MADHAVBAUG,22.09,22.09
SEJALLTD,25.73,25.73
MHLXMIRU,7.37,7.37
RELCHEMQ,18.60,18.60
GATEWAY,11.36,11.33
SYRMA,68.41,67.80
ZIMLAB,162.58,162.58
JTLIND,24.94,24.94
CAMPUS,44.53,44.53
RAINBOW,54.47,54.27
TBOTEK,66.08,64.98
VENUSPIPES,32.59,32.47
AETHER,89.81,87.87
ROTO,45.89,45.89
MEGASTAR,40.22,40.22
SANATHAN,66.39,66.39
INDOBORAX,25.56,29.94
LANDMARK,58.26,55.21
RACE,25.73,41.60
AVONMORE,9.78,9.78
ETHOSLTD,70.37,69.53
DREAMFOLKS,32.13,32.13
SONUINFRA,3.74,3.74
MSUMI,43.51,43.51
DHARMAJ,14.92,14.92
HARSHA,25.01,25.01
KRISHIVAL,39.09,39.09
GMRP&UI,12.41,
KCK,241.52,241.52
LICI,8.30,8.30
INDOAMIN,11.96,11.96
PROPEQUITY,15.51,15.51
TVSSCS,50.44,123.71
SWARAJ,22.68,22.68
INOXGREEN,59.11,59.11
FEDFINA,14.65,14.65
ACI,65.42,65.42
BIKAJI,61.22,60.51
RITCO,26.66,26.66
SURAJEST,10.67,10.67
VEEKAYEM,7.08,7.08
SKP,324.15,324.15
RILINFRA,6.94,6.94
HARDWYN,58.19,58.19
CHEVIOT,9.97,9.97
MUKKA,12.30,12.30
HMAAGRO,6.74,6.74
VIKRAMSOLR,16.69,16.50
MWL,24.14,24.14
MEDICO,29.73,29.73
CMRSL,5.33,5.04
KFINTECH,47.35,46.17
YATHARTH,49.03,49.03
YATRA,35.88,33.54
KAYNES,74.78,74.43
NGLFINE,43.77,43.77
SABAR,48.62,48.62
JFLLIFE,36.70,36.70
FIDEL,13.56,13.28
AXITA,172.53,172.53
PLAZACABLE,28.64,28.64
SENCO,11.10,11.10
USASEEDS,12.26,12.26
RADHIKAJWE,10.96,10.96
SPLPETRO,27.17,26.73
RAMRAT,33.71,32.99
CSLFINANCE,5.74,5.73
KORE,20.10,20.10
GOYALALUM,20.84,20.84
RUSTOMJEE,36.62,36.62
GENSOL,0.87,0.87
DBOL,8.99,8.99
KANDARP,49.75,49.75
SPORTKING,16.85,16.85
ALLETEC,10.52,10.14
AIIL,24.19,24.19
ABDL,79.93,79.15
MANORAMA,45.92,45.92
ISHAN,24.44,24.73
ARABIAN,8.70,8.70
INNOVACAP,38.36,38.36
GRMOVER,25.09,25.09
SYNCOMF,16.54,16.55
CEWATER,39.15,34.50
DJML,34.07,34.07
BAHETI,29.71,29.71
SULA,54.05,51.66
SIGNATURE,10.81,
ANNAPURNA,10.74,10.68
KRITINUT,13.31,13.31
MEGAFLEX,16.68,16.68
KALAMANDIR,9.97,9.97
RAMAPHO,8.12,8.12
AVALON,98.28,98.28
RITEZONE,23.68,23.68
CONCORDBIO,52.33,51.87
GODIGIT,51.12,51.12
GRCL,53.91,53.91
BAIDFIN,10.37,10.37
PHANTOMFX,7.57,7.57
KAMOPAINTS,748.69,748.69
DOLLEX,14.69,14.69
BLUEJET,47.85,47.85
MVGJL,7.22,7.15
JIWANRAM,12.09,12.09
UYFINCORP,8.02,8.02
SCPL,35.14,35.14
SUKHJITS,14.82,14.82
ARHAM,33.33,33.33
MANKIND,49.06,47.00
SKYGOLD,32.47,32.47
AEROENTER,16.76,16.62
DIVGIITTS,68.25,68.25
EIEL,19.86,19.19
PRITIKA,23.08,23.08
USK,74.30,74.30
ANLON,32.37,32.37
MOTISONS,24.93,24.84
SRIVASAVI,21.21,21.21
DIACABS,137.66,137.66
IKIO,31.40,31.40
MANOMAY,20.11,20.11
FAZE3Q,41.23,41.23
UMA,9.48,9.48
NSLNISP,218.80,218.80
RBMINFRA,6.25,6.25
LLOYDSME,30.89,30.89
AARTIPHARM,29.18,28.86
RHL,12.02,12.02
SAHYADRI,12.66,12.49
SAHANA,11.52,11.52
NINSYS,42.89,42.89
DUCOL,26.69,26.69
SBFC,21.74,21.74
SBGLP,11.41,11.41
ASMS,36.92,37.14
HYBRIDFIN,20.51,20.51
SHERA,11.00,11.00
LRRPL,17.87,17.87
INDGN,33.32,32.05
ZAGGLE,19.97,19.97
GANDHAR,7.49,7.49
MCON,10.24,10.24
HONASA,77.78,76.33
RISHABH,37.24,37.25
IRMENERGY,16.53,16.53
AERONEU,214.00,69.96
DENEERS,6.43,6.43
JGCHEM,27.63,27.63
CYIENTDLM,66.28,66.28
AGUL,367.23,367.23
NIRMAN,1.55,1.55
AKI,17.10,17.10
MASTER,26.71,26.71
RPTECH,18.13,18.13
LORDSCHLO,12.52,12.52
SYSTANGO,9.68,9.68
RATNAVEER,21.78,21.78
MOS,12.63,12.63
SECMARK,51.74,51.74
AUROIMPEX,7.77,7.77
SPECTSTM,12.37,12.37
ATAM,30.67,30.67
AFIL,8.79,8.79
CRAYONS,17.64,17.64
INFOLLION,12.30,12.30
LAL,34.84,34.84
URBAN,8.46,8.46
INFINIUM,28.15,28.15
AARTECH,37.61,32.37
POCL,25.77,25.68
KRISHCA,23.19,23.19
ESFL,13.53,13.53
AATMAJ,59.92,59.92
DOLPHIN,22.83,22.83
TATATECH,63.62,122.82
REMUS,21.50,21.50
NOVAAGRI,16.70,16.70
REDTAPE,32.17,32.17
ASHOKAMET,3.29,3.29
SICALLOG,16.60,
YUDIZ,,41.54
PENTAGON,21.28,21.28
CELLPOINT,474.48,474.48
SEL,13.43,13.43
TRIDHYA,32.47,32.47
PTCIL,281.61,281.61
KDL,3.41,3.41
NETWEB,107.90,107.90
PYRAMID,22.38,22.38
VILINBIO,34.83,34.83
MAGSON,328.64,328.64
AEROFLEX,83.97,83.97
EMSLIMITED,24.63,24.63
EFACTOR,12.03,12.03
GHCLTEXTIL,12.08,12.08
MONOPHARMA,39.16,39.16
UDS,15.08,14.40
DENTALKART,69.81,69.81
SYNOPTICS,14.71,14.71
CLSL,18.21,18.35
SSFL,12.46,12.46
KIRLPNU,35.68,34.53
ATL,14.30,14.08
BALUFORGE,21.99,21.99
RRKABEL,51.36,51.05
COMMITTED,26.26,26.26
JSWINFRA,51.64,49.48
SANGANI,20.70,20.70
JLHL,56.36,54.99
SCILAL,67.24,67.24
NUVAMA,27.88,27.88
DRONE,82.76,82.76
YASHO,86.83,86.83
SERVICE,16.20,16.20
PRAMARA,16.58,16.58
NIITMTS,13.08,14.57
VINSYS,28.61,28.61
ZEAL,7.88,7.88
RACLGEAR,35.25,35.12
WCIL,23.23,23.23
ARVINDPORT,48.80,48.80
SAROJA,6.97,6.97
SINDHUTRAD,65.92,70.93
UNIHEALTH,26.91,26.91
ORIANA,11.71,11.71
ASKAUTOLTD,39.56,39.56
CHAVDA,23.29,23.29
ONDOOR,16.37,16.37
TRANSTEEL,11.60,11.60
SANDUMA,13.89,13.43
LLOYDSENT,30.52,30.31
OLIL,99.55,99.55
SUNREST,8.44,8.44
RBZJEWEL,11.02,11.02
MASTERTR,7.33,7.33
KODYTECH,115.91,115.91
KARNIKA,40.23,40.23
AKANKSHA,38.94,39.11
SCML,14.53,14.53
SAAKSHI,41.52,41.52
MUFIN,101.34,101.34
MAL,5.26,5.26
HIGREEN,101.18,
PLATIND,24.10,23.92
MUFTI,11.86,11.61
FLAIR,18.82,18.82
BASILIC,10.82,9.99
CELLECOR,17.40,17.40
MUTHOOTMF,14.87,14.87
SRGHFL,13.19,13.19
JIOFIN,82.06,82.06
MCLOUD,15.23,15.07
CPS,1876.30,1876.30
MADHUSUDAN,19.65,19.65
GOYALSALT,17.66,17.66
TICL,21.44,21.44
WOMANCART,10.66,10.66
RCDL,5.66,5.66
BLSE,40.09,40.09
SHANTHALA,8.97,8.97
TREL,15.22,16.32
MARCO,14.91,14.91
VISHNUINFR,12.84,12.84
RKSWAMY,23.59,21.87
EPACK,677.65,677.65
HAPPYFORGE,54.95,54.95
IBLFL,61.82,61.82
INDIASHLTR,14.30,14.30
CELLO,25.42,24.99
CANARYS,9.22,8.92
DIGIDRIVE,12.65,10.72
DOMS,60.78,60.78
DIGIKORE,3.53,3.53
GLOSTERLTD,59.63,59.63
LANCORHOL,4.68,4.58
AMNPLST,29.32,29.32
SARTELE,7.77,7.77
VINYAS,52.29,52.29
SAIFL,2.68,2.68
JNKINDIA,34.58,34.58
AFFORDABLE,33.33,33.33
PARAGON,10.79,10.79
ARKADE,491.07,18.14
INOXINDIA,69.62,69.01
GRAPHISAD,12.18,12.15
SHEETAL,33.38,33.38
ROXHITECH,7.19,7.19
JYOTICNC,55.44,55.44
STANLEY,65.87,64.10
BAJEL,100.61,99.61
EFORCE,78.49,78.49
DEEM,17.75,17.75
APS,8.69,8.69
ENTERO,32.26,31.42
TECHLABS,34.72,34.72
SIGNPOST,19.43,19.43
ROCKINGDCE,10.05,10.05
SUNCLAY,10.91,
PRESSTONIC,20.16,20.16
HRHNEXT,6.96,6.96
INDOFARM,30.66,30.66
DEEDEV,59.14,58.04
MEGATHERM,16.56,16.14
OWAIS,101.19,101.19
SSDL,9.11,9.40
BRACEPORT,18.36,18.28
VR,18.55,18.55
KLL,3.47,3.47
ZENITHDRUG,18.27,18.27
SJLOGISTIC,6.61,6.61
PURVFLEXI,30.79,30.77
SRM,10.76,10.76
AZAD,115.40,115.40
PRATHAM,35.51,35.51
KONSTELEC,12.97,12.97
JUNIPER,30.61,23.44
KRYSTAL,12.84,12.84
VSTL,26.76,23.96
FONEBOX,14.80,14.80
DURLAX,22.60,22.60
INM,17.16,17.16
ITALIANE,11.65,11.65
SUPREMEPWR,25.08,25.08
KCEIL,5.57,5.57
MAXESTATES,413.77,413.77
CGRAPHICS,19.41,19.41
ACCENTMIC,29.75,29.75
COMSYN,30.54,30.54
SADHAV,12.69,12.69
MANDEEP,20.78,20.78
WTICAB,8.73,8.73
GOPAL,41.26,67.25
DAVANGERE,52.28,52.28
MAXPOSURE,8.24,8.24
UEL,875.63,875.63
ALPEXSOLAR,19.12,19.08
KRONOX,22.03,22.03
VHLTD,37.07,37.07
SIGNORIA,12.94,12.94
KROSS,22.62,22.62
FALCONTECH,10.93,10.93
ENSER,13.50,13.36
DELAPLEX,6.35,6.35
BOSS,12.26,12.26
RULKA,14.24,14.24
DENTA,14.64,14.64
SINCLAIR,36.63,36.63
SHREEKARNI,18.42,18.42
BLUEPEBBLE,64.09,64.09
LAMOSAIC,34.15,34.15
AIMTRON,75.09,75.10
STALLION,67.92,67.92
PSFL,14.55,14.55
DCG,11.67,11.67
AWFIS,27.44,27.44
DIFFNKG,32.74,32.41
K2INFRA,5.10,5.10
RBS,19.21,19.21
ESCONET,29.55,29.55
VRAJ,12.72,12.72
MVKAGRO,131.00,131.00
BALAJEE,18.00,18.00
SANSTAR,65.91,65.91
FILATFASH,52.97,52.97
AVPINFRA,3.78,3.78
SATECH,20.08,20.08
AGARWALTUF,12.25,12.25
SILKFLEX,19.26,19.28
KRN,103.44,103.87
UNIECOM,45.39,45.39
GGBL,8.40,8.40
MACOBSTECH,71.06,71.06
TAC,47.74,47.74
BANSALWIRE,36.59,35.97
EMMIL,11.67,11.67
DPEL,51.96,51.96
AQYLON,57.67,306.49
INDOUS,12.48,12.48
VILAS,22.56,22.56
GARUDA,13.71,13.71
MASON,13.12,13.12
TRUST,8.59,8.59
YASHOPTICS,31.61,31.61
MIEL,7.51,7.51
SATIPOLY,6.88,6.88
ALUWIND,11.67,11.67
TBI,6.16,6.16
DHANSA,12.58,12.58
SAHAJSOLAR,8.15,8.15
REFRACTORY,11.51,11.51
PRLIND,7.30,7.28
IEML,4.96,4.96
ABSMARINE,6.62,6.62
BEACON,23.80,23.80
AKUMS,37.51,35.70
GALAPREC,35.77,34.91
ZTECH,20.46,20.46
PICCADIL,53.26,53.28
VERITAAS,5.24,5.24
TOLINS,11.31,11.31
WINSOL,8.98,8.95
ORIENTTECH,259.35,51.72
HOACFOODS,71.85,71.85
SLONE,8.48,8.48
QUESTLAB,9.79,9.79
GPECO,12.36,12.36
CEIGALL,18.07,17.98
MANBA,13.55,13.55
SPCL,12.13,12.13
POSITRON,6.50,6.50
KATARIA,17.24,17.24
TRANSRAILL,15.69,15.22
STYLEBAAZA,52.08,199.41
INTERARCH,22.12,21.72
PCCL,28.67,28.67
BULKCORP,13.38,13.38
RNFI,35.42,35.42
CRIZAC,14.98,14.98
PNGJL,21.23,21.11
TUNWAL,11.87,11.87
RAJINDLTD,12.89,12.89
GSMFOILS,8.96,8.96
IPHL,8.00,8.00
PATELRMART,18.85,18.85
SFML,7.46,4.22
CHETANA,7.16,6.98
TECHERA,109.06,109.06
GREENLEAF,9.26,9.26
SHUBHSHREE,17.17,17.17
ECOSMOBLTY,13.49,13.49
AFCONS,70.22,45.97
ETML,15.77,15.77
AVIANSH,113.70,113.70
TROM,7.48,7.48
NEPHROCARE,37.09,37.09
BIKEWO,31.27,31.27
FORCAS,23.96,23.96
SURAJLTD,49.00,49.00
NAVKARURB,38.19,38.20
JAYBEE,10.62,10.62
ASHALOG,8.14,8.14
JEYYAM,8.57,8.57
SRD,17.37,17.37
PREMIERENE,28.40,28.40
DBEIL,8.53,8.53
DECCANTRAN,6.21,6.21
C2C,24.18,24.18
MFML,,1.88
ENVIRO,11.80,11.80
KALANA,25.82,25.82
RPEL,92.03,92.03
WOL3D,13.75,13.75
VIESL,11.67,11.67
EFFWA,30.72,30.72
AVANTEL,252.78,252.78
AGIIL,39.92,39.92
BALCO,17.14,17.14
UTSSAV,21.06,21.06
VDEAL,19.28,19.28
SUNLITE,14.78,14.78
SSEGL,15.73,15.73
SAJHOTELS,22.06,21.21
PPSL,10.16,10.16
DHARIWAL,19.61,19.61
NEELAM,11.10,11.10
HPTL,14.53,14.53
IDEALTECHO,32.68,32.68
PRIZOR,46.34,46.34
BOROSCI,29.24,28.38
EUREKAFORB,53.59,45.20
BAJAJHFL,26.55,26.45
RELTD,41.09,41.19
HYUNDAI,36.11,36.11
OSELDEVICE,24.37,24.37
LAKSHYA,8.90,8.90
SAHASRA,69.55,69.55
SANOFICONR,39.08,39.08
AKIKO,19.87,19.87
SDREAMS,16.75,15.38
AERON,15.21,14.92
PELATRO,16.68,15.38
MAMATA,27.11,
FORGEAUTO,10.28,10.28
XTGLOBAL,29.04,29.04
AUSL,14.98,14.98
MYMUDRA,7.59,7.59
SAGILITY,20.59,19.89
ACMESOLAR,43.25,43.90
UNILEX,4.82,4.82
BMWVENTLTD,12.84,12.84
BLACKBUCK,62.33,61.07
NIKITA,16.18,16.18
SATKARTAR,11.00,11.00
RAPPID,26.00,26.00
VMM,57.10,57.10
SAILIFE,80.12,78.79
RAYMONDLSL,102.73,26.01
PREMIUM,10.84,10.84
UHTL,36.73,36.73
BARFLEX,28.50,28.50
DELTIC,7.72,7.72
RAJPUTANA,14.60,14.60
KMEW,91.98,91.98
ORCHASP,51.36,51.36
SURAKSHA,41.39,41.39
OBSCP,96.77,96.77
SETL,63.23,63.23
FRESHARA,22.65,22.65
SENORES,47.26,47.26
OCCLLTD,10.49,10.25
APRAMEYA,52.95,52.95
APEXECO,21.15,21.15
CUDML,7.92,7.92
ANYA,21.09,21.09
ROYALARC,17.24,17.24
DIVINEHIRA,59.27,59.27
DANISH,23.03,23.03
PURPLEUTED,21.06,21.06
ARIS,14.40,14.46
IKS,39.04,39.04
SMARTWORKS,199.56,199.56
KALPATARU,57.54,53.02
JSWCEMENT,,25.75
GANESHIN,6.66,6.66
TRUALT,27.01,27.01
UNIMECH,102.16,102.16
AVL,57.47,57.00
IGIL,33.39,33.39
CARRARO,21.48,20.44
ARUNAYA,7.33,7.33
VINCOFE,27.42,27.42
IDENTICAL,16.28,16.28
TANKUP,137.43,137.43
CLASSICEIL,7.66,7.66
JAINIK,19.55,19.55
REXPRO,19.42,19.42
INFLUX,21.49,21.49
PRABHA,1882.68,1882.68
DAMCAPITAL,14.78,14.78
GUJTHEM,79.66,79.66
IVALUE,14.43,13.95
SHRIAHIMSA,31.01,31.01
HEXT,25.68,24.36
RVTH,16.25,16.02
VENTIVE,23.82,23.57
ROSSTECH,160.07,155.57
SILKY,4.14,4.14
KPEL,11.31,11.31
PSRAJ,34.15,34.15
KKJEWELS,4.28,4.28
LAXMIDENTL,41.07,27.26
FABTECH,13.57,13.57
EMAPARTNER,14.83,14.83
QPOWER,44.60,44.60
OSWALPUMPS,11.07,11.05
VOLERCAR,70.64,70.64
READYMIX,16.67,16.67
BLUEWATER,18.54,18.54
ELLEN,34.15,34.15
NTPCGREEN,127.29,127.29
NORTHARC,10.16,10.16
THELEELA,39.04,38.53
SUBAHOTELS,14.94,14.94
PROFX,8.47,8.47
GLOTTIS,16.94,16.94
MBEL,18.41,18.25
EEPL,15.05,15.05
IGCL,11.56,11.59
HILINFRA,10.15,10.15
CHAMUNDA,13.60,13.60
AGARWALEYE,93.56,94.02
SOLARWORLD,12.12,12.12
GLOBECIVIL,10.20,10.20
PROSTARM,26.09,26.09
KEN,6.23,6.23
CHANDAN,20.88,19.37
NEPTUNE,13.89,13.89
SCODATUBES,21.96,21.96
ALLTIME,41.64,38.10
DEVX,36.39,36.85
BALAJIPHOS,20.70,20.70
SAMAY,9.32,9.32
VIKRAN,20.14,19.96
JARO,18.04,18.04
CPPLUS,118.78,118.78
SAMBHV,20.90,20.56
AJAXENGG,28.39,28.09
PUSHPA,10.57,10.20
AHCL,22.87,22.87
BAJAJINDEF,31.81,31.50
DDEVPLSTIK,14.78,14.78
SAWALIYA,30.10,30.10
ELGNZ,9.87,9.68
MPEL,3.36,3.36
VGINFOTECH,11.15,11.15
BRIGHOTEL,30.62,30.62
HDBFS,20.02,20.02
TEJASCARGO,43.38,43.38
JUBLCPL,21.96,21.34
MAXVOLT,15.49,15.49
ITCHOTELS,40.88,38.25
SUPREME,487.64,487.64
BORANA,14.02,14.01
SAATVIKGL,14.91,14.81
AEGISVOPAK,122.17,122.17
BELRISE,48.31,47.96
GCHOTELS,21.88,21.88
SHEEL,11.27,11.27
PROTEAN,27.83,26.73
AARADHYA,16.78,16.78
VIJAYPD,50.53,50.53
MOSCHIP,149.78,126.64
SAVY,6.40,6.40
TRAVELFOOD,41.59,41.59
BLUESTONE,230.88,230.88
EBGNG,42.08,42.08
ANONDITA,54.88,54.88
GKENERGY,12.25,12.25
ARSSBL,24.49,21.85
SAFEENTP,18.21,18.21
SACHEEROME,36.13,36.13
LAXMIINDIA,14.12,14.12
TINNARUBR,32.37,32.37
WAAREERTL,18.55,18.55
EFCIL,10.63,10.63
GANESHCP,14.41,14.41
ETL,19.09,19.09
MEIL,16.26,16.26
LOTUSDEV,34.50,34.50
TSC,14.58,14.58
STYL,25.04,25.02
GEMAROMA,680.81,680.81
NRVANDANA,15.11,15.11
SMARTEN,11.23,11.23
ANTHEM,82.27,79.86
REGAAL,15.99,14.55
MONOLITH,87.62,87.62
IWARE,35.98,35.98
AMCL,21.78,21.78
PATILAUTOM,25.85,25.85
SHANTIGOLD,10.71,10.71
VIGOR,11.12,11.12
CONNPLEX,14.91,14.91
ECOLINE,20.91,20.91
RTL,37.18,37.18
EUROPRATIK,41.60,38.90
ARCIIL,20.81,20.81
EPACKPEB,26.15,26.15
CIFL,27.70,
SHREEJISPG,71.78,71.78
PRIMO,37.78,37.24
SPUNWEB,10.66,10.66
WHITEFORCE,7.56,7.57
FINBUD,23.29,23.29
WEWORK,123.16,117.22
ATLANTAELE,55.30,55.10
SHRINGARMS,19.48,19.48
BHADORA,17.51,17.54
KAYTEX,4.98,4.98
MRIL,8.71,8.71
AAKAAR,12.92,12.92
TAURIAN,23.03,23.03
GML,7.57,7.57
BHARATSE,32.70,32.00
GURUNANAK,7.89,7.89
PARTH,49.66,49.66
OPTIVALUE,26.45,26.45
PACEDIGITK,12.47,12.47
ENRIN,87.33,85.12
MGSL,10.98,10.98
ADVANCE,16.72,16.72
TECHD,31.63,31.63
SNEHAA,5.93,5.93
OMFREIGHT,18.51,18.66
JAINREC,29.54,29.47
JYOTIGLOBL,11.31,11.22
JAYESH,12.14,12.14
SHIVASHRIT,16.75,16.75
SATTVAENGG,11.27,11.37
STUDDS,23.10,23.10
FLYSBS,12.40,12.40
BLUSPRING,,82.42
CANHLIFE,110.09,110.09
MUNISH,19.38,19.38
JKIPL,30.24,30.24
BELLACASA,16.09,16.09
CHEMBONDCH,16.77,16.77
RAYMONDREL,15.23,15.23
ACCPL,20.81,20.81
SGFIN,29.18,29.18
SGMART,72.62,72.62
FISCHER,80.20,80.20
GROWW,48.99,48.99
ABLBL,65.09,51.78
RAJOOENG,18.19,18.19
ARFIN,96.13,96.13
GANGABATH,39.88,39.88
PRIMECAB,27.35,24.31
ORKLAINDIA,26.37,25.41
PINELABS,140.00,134.68
SHETHJI,18.64,18.64
CPEDU,16.81,16.81
MARKOLINES,15.23,15.16
ADVENTHTL,20.10,14.82
GCSL,31.83,31.83
